start=5707.380000
volume=52.000000
contrast=-1
