start=7333.800000
volume=58.000000
